1000 5 10 0.1 10 0.01225220000196714 1829 0.00021430000197142363 1829
1000 5 10 0.1 10 0.010558099995250814 1880 0.00018350000027567148 1880
1000 5 10 0.1 10 0.010060300002805889 1746 0.00018459999409969896 2118
1000 5 15 0.1 10 0.018497800003387965 1157 0.0002086999884340912 1157
1000 5 15 0.1 10 0.019781199996941723 2285 0.00018679999629966915 2459
1000 5 15 0.1 10 0.018691100005526096 2795 0.0003392999933566898 2795
1000 5 20 0.1 10 0.03699409999535419 1832 0.00018180000188294798 2348
1000 5 20 0.1 10 0.033441399995354004 1093 0.00018489999638404697 1093
1000 5 20 0.1 10 0.03553740000643302 1320 0.00028649999876506627 1320
1000 5 25 0.1 10 0.048455700001795776 1262 0.0002091999922413379 1262
1000 5 25 0.1 10 0.046017200002097525 444 0.00018709999858401716 861
1000 5 25 0.1 10 0.05081580000114627 2572 0.00018789999012369663 2572
1000 5 30 0.1 10 0.0711206999985734 876 0.0001866999955382198 876
1000 5 30 0.1 10 0.07705480000004172 2175 0.00029969999741297215 2175
1000 5 30 0.1 10 0.06501569999090862 935 0.00018260000797454268 935
1000 5 35 0.1 10 0.08853439999802504 896 0.00020260000019334257 896
1000 5 35 0.1 10 0.09125139999378007 2384 0.00015770000754855573 2384
1000 5 35 0.1 10 0.0872980000131065 1304 0.0001598999951966107 1304
1000 5 40 0.1 10 0.1153041000070516 768 0.00016169999435078353 768
1000 5 40 0.1 10 0.11699039999803063 1443 0.0001664000010350719 1443
1000 5 40 0.1 10 0.1589520999987144 1380 0.00017330000991933048 1380
1000 5 45 0.1 10 0.14596639999945182 1041 0.0001607999874977395 1041
1000 5 45 0.1 10 0.1423627000040142 1152 0.00016070000128820539 1152
1000 5 45 0.1 10 0.15198439999949187 1453 0.00016539999342057854 1775
1000 5 50 0.1 10 0.17761470000550617 1025 0.00015979999443516135 1095
1000 5 50 0.1 10 0.1923745000094641 585 0.00016039999900385737 585
1000 5 50 0.1 10 0.18045109999366105 1104 0.00015870000061113387 1104
1000 5 55 0.1 10 0.21138459999929182 1041 0.00016060000052675605 1041
1000 5 55 0.1 10 0.22497209999710321 1890 0.00027910000062547624 1937
1000 5 55 0.1 10 0.23573309999483172 2443 0.0001598999951966107 2443
1000 5 60 0.1 10 0.27195799999753945 1704 0.00016119999054353684 1704
1000 5 60 0.1 10 0.2781039999972563 1236 0.00015980000898707658 1236
1000 5 60 0.1 10 0.2730493999988539 1667 0.00015669999993406236 1667
1000 5 65 0.1 10 0.3262892000057036 2336 0.0001588000013725832 2336
1000 5 65 0.1 10 0.3064857999997912 906 0.00019530000281520188 906
1000 5 65 0.1 10 0.28682510000362527 975 0.00015789999451953918 975
1000 5 70 0.1 10 0.3827767000038875 2082 0.0001669999910518527 2082
1000 5 70 0.1 10 0.35641549999127164 1248 0.00015609999536536634 1248
1000 5 70 0.1 10 0.36321650000172667 1462 0.00015740000526420772 1462
1000 5 10 0.1 10 0.010726900000008754 2013 0.00016370000957977027 2013
1000 5 10 0.1 10 0.011836400008178316 1781 0.00015799999528098851 1781
1000 5 10 0.1 10 0.01190919999498874 2339 0.00015740000526420772 2449
1000 10 10 0.1 10 0.00935939999180846 1679 0.005840499987243675 1679
1000 10 10 0.1 10 0.03099270000529941 1255 0.006412499991711229 2807
1000 10 10 0.1 10 0.009142599999904633 1146 0.0063452000031247735 1516
1000 10 10 0.2 10 0.009706400000141002 3037 0.006284799994318746 3267
1000 10 10 0.2 10 0.009687999991001561 1742 0.006107500012149103 2415
1000 10 10 0.2 10 0.01328790000115987 649 0.0070242999936454 1974
1000 10 10 0.3 10 0.008559499998227693 1458 0.006343700006254949 2419
1000 10 10 0.3 10 0.009091400002944283 966 0.0057601000007707626 3133
1000 10 10 0.3 10 0.01774199999636039 307 0.005823999992571771 949
1000 10 10 0.4 10 0.008362499997019768 513 0.0057265999930677935 2322
1000 10 10 0.4 10 0.009479100001044571 1729 0.006119600002421066 2552
1000 10 10 0.4 10 0.010443799998029135 1930 0.0061597000021720305 2599
1000 10 10 0.4 10 0.00883189999149181 702 0.006627100010518916 1413
1000 10 10 0.4 10 0.008976500001153909 64 0.006184500001836568 1661
1000 10 10 0.5 10 0.008169399996404536 2078 0.006202300006407313 2904
1000 10 10 0.5 10 0.008290600002510473 1129 0.005887599996640347 2376
1000 10 10 0.5 10 0.008845499993185513 1591 0.0057037999940803275 2557

1000 20 10 0.1 10 1.3578516999987187 1647 9.870866099998238 2711
1000 20 20 0.1 10 2.036167599988403 653 9.085047400003532 2924
1000 20 20 0.1 10 0.1735564999980852 512 9.131316900005913 3544
1000 20 20 0.1 10 0.05718190000334289 2307 9.109851400004118 3371
1000 20 25 0.1 10 0.04543490000651218 2002 9.163178600007086 3625
1000 20 25 0.1 10 0.8585071999987122 1358 8.96542110000155 2307
1000 20 25 0.1 10 0.08656919999339152 1616 9.152492599998368 3790
1000 20 30 0.1 10 0.06490359999588691 1648 9.151145600000746 2472
1000 20 30 0.1 10 1.0711842000018805 1323 9.89161740000418 1963
1000 20 30 0.1 10 0.08534890000009909 1642 9.276854700001422 3460
1000 20 35 0.1 10 1.330187699990347 1585 9.448672099999385 3474
1000 20 35 0.1 10 0.8915478000126313 1748 9.362228199999663 3361
1000 20 35 0.1 10 0.9999272999993991 4004 9.41422700000112 4621
1000 20 40 0.1 10 0.10285510000539944 4408 9.095672800001921 5650
1000 20 40 0.1 10 2.7373151000065263 1850 9.482353100000182 3717
1000 20 40 0.1 10 0.8939870000031078 477 9.215435100006289 3037
1000 20 45 0.1 10 0.5061057999992045 3091 9.161348599998746 5610
1000 20 45 0.1 10 2.426888100002543 1687 10.284122699988075 2244
1000 20 45 0.1 10 0.1756838000001153 696 9.55936469999142 1523
1000 20 50 0.1 10 2.3529162000049837 51 9.19525689999864 1662
1000 20 50 0.1 10 2.8551279999956023 1626 9.480576800007839 1986
1000 20 50 0.1 10 4.6008616000035545 1240 9.288404799997807 3287


1000 20 10 0.1 15 0.07978359999833629 1583 10.318631799993454 3761
1000 20 10 0.1 15 0.44635069998912513 924 9.583332299996982 2535
1000 20 10 0.1 15 0.668650500010699 503 9.269763700009207 2000
1000 20 10 0.1 20 0.3331506999966223 1007 9.230409099996905 2766
1000 20 10 0.1 20 0.028245000008610077 2002 9.299509099990246 2686
1000 20 10 0.1 20 0.17678810001234524 1100 10.091023499990115 2365
1000 20 10 0.1 25 0.10254589999385644 2786 9.462609499998507 3869
1000 20 10 0.1 25 0.13145700001041405 1372 9.246317500001169 3084
1000 20 10 0.1 25 0.037510599999222904 1784 10.570324800006347 3781
1000 20 10 0.1 30 0.4376118999934988 1689 11.067906700001913 3338
1000 20 10 0.1 30 0.24709960000473075 1171 10.410325100005139 3218
1000 20 10 0.1 30 0.04539100000692997 1866 9.961631099999067 3436
1000 20 10 0.1 35 0.04841540000052191 1854 9.671679599996423 3078
1000 20 10 0.1 35 0.3864506999962032 2447 9.740690899998299 3004
1000 20 10 0.1 35 0.11842029998661019 2002 10.189273399999365 3398
1000 20 10 0.1 40 0.22369790000084322 1353 9.425755600008415 3161
1000 20 10 0.1 40 0.05914909999410156 1290 9.388886999993701 2102
1000 20 10 0.1 40 0.18684329999086913 1157 10.652152700000443 3703

1000 20 10 0.1 10 2.0912773000018205 1123 8.887192900001537 1600
1000 20 10 0.1 10 0.03278449998470023 1548 9.15133490000153 3495
1000 20 10 0.1 10 0.13307810001424514 561 9.252284399990458 4093
1000 20 10 0.15 10 0.046728899993468076 2939 8.838251599983778 5534
1000 20 10 0.15 10 0.3389453000272624 1691 9.134927199978847 3459
1000 20 10 0.15 10 0.11186360000283457 997 9.218193599983351 2295
1000 20 10 0.2 10 0.04762330002267845 2357 9.461495199997444 3351
1000 20 10 0.2 10 0.7906721000035759 1683 9.181619599985424 2998
1000 20 10 0.2 10 0.04581089998828247 183 9.489277999993647 4312
1000 20 10 0.25 10 0.15190709999296814 1254 10.089097500022035 2775
1000 20 10 0.25 10 0.06084039999404922 1198 9.537631199986208 2530
1000 20 10 0.25 10 3.6453149000008125 1968 10.746804700000212 2968
1000 20 10 0.25 10 0.5293125000025611 2178 10.759963399992557 3304
1000 20 10 0.3 10 0.04271360000711866 1137 9.687104200012982 3945
1000 20 10 0.3 10 0.2061968999914825 559 9.647353799984558 2555
1000 20 10 0.3 10 0.1844658000045456 1437 9.869913099973928 4446
1000 20 10 0.35 10 0.1082509999978356 1731 9.551043199986452 4731
1000 20 10 0.35 10 0.07266189999063499 773 9.473407600016799 1964
1000 20 10 0.35 10 0.15465949999634176 1046 9.711806700011948 3862
1000 20 10 0.4 10 0.40170080002280883 2095 9.630175999976927 3161
1000 20 10 0.4 10 0.6578523000061978 425 9.45888879999984 2809
1000 20 10 0.4 10 0.07677039998816326 1362 10.111569200002123 3944
1000 20 10 0.45 10 0.01580579997971654 1389 9.48128639999777 2970
1000 20 10 0.45 10 0.6303471999999601 672 9.720048799994402 4248
1000 20 10 0.45 10 0.9689937999937683 129 9.824669099994935 2438
1000 20 10 0.5 10 0.09952449999400415 1824 9.790607700007968 3188
1000 20 10 0.5 10 1.1673618000058923 789 9.635609499993734 1608
1000 20 10 0.5 10 0.03281770000467077 1036 9.66571119998116 2386

1000 20 35 0.25 35 0.7758740999852307 1355 8.92578200000571 2499
1000 20 35 0.25 35 0.444577800022671 1260 9.16246369999135 3857
1000 20 35 0.25 35 0.25506689999019727 2362 9.415320100000827 2747
1000 20 35 0.25 35 0.7500050999806263 2121 9.424837099999422 2765
1000 20 35 0.25 35 0.49719330001971684 1563 9.267844899994088 2615
1000 20 35 0.25 35 0.5193144000077154 3367 9.202325899997959 4738
1000 20 35 0.25 35 0.31319809998967685 1397 9.436073999997461 3965
1000 20 35 0.25 35 0.4948057000001427 1541 9.97650540000177 2737
1000 20 35 0.25 35 0.3420596999931149 2182 8.978765999985626 2642
1000 20 35 0.25 35 0.5648401000071317 556 9.207260700000916 4837
100 10 35 0.25 35 0.2356236000196077 171 0.006234200001927093 240
100 10 35 0.25 35 0.2386335999763105 177 0.005699399975128472 206
100 10 35 0.25 35 0.22754979997989722 183 0.011120800016215071 183
100 10 35 0.25 35 0.2374124999914784 190 0.005888199986657128 229
100 10 35 0.25 35 0.22658119999687187 193 0.005990499979816377 193
100 10 35 0.25 35 0.27852289998554625 313 0.0062652000051457435 343
100 10 35 0.25 35 0.2416492000047583 143 0.0058006000181194395 175
100 10 35 0.1 35 0.2581353999848943 99 0.005787700007203966 99
100 10 35 0.1 35 0.28781180002260953 344 0.006146900006569922 344
100 10 35 0.1 35 0.2862754999950994 326 0.00565229999483563 326
100 10 35 0.1 35 0.2822802999871783 139 0.0057456000067759305 144
100 10 35 0.1 35 0.3195627999957651 180 0.005693400016753003 180
100 10 35 0.1 35 0.295579199999338 289 0.005694399995263666 289
100 10 35 0.1 35 0.27366609999444336 175 0.005768900009570643 175
100 10 35 0.1 35 0.27810140000656247 277 0.005765100009739399 279
100 10 35 0.1 35 0.2663925999950152 135 0.005874399997992441 135
100 10 35 0.1 35 0.30666719999862835 494 0.0057431999885011464 494
100 10 35 0.25 35 0.2829356000002008 355 0.011069800006225705 373
100 10 35 0.25 35 0.2462523999856785 308 0.005651299987221137 324
100 10 35 0.25 35 0.2270344999851659 200 0.0057309000112582 204
100 10 35 0.25 35 0.23412870001629926 269 0.0068857999867759645 296
100 10 35 0.25 35 0.24651170001015998 165 0.005738000007113442 228
100 10 35 0.25 35 0.25594839997938834 203 0.006137999997008592 218
100 10 35 0.25 35 0.24320010002702475 287 0.006133099988801405 287
100 10 35 0.25 35 0.24929999999585561 313 0.006563200004165992 313
100 10 35 0.25 35 0.23601190000772476 66 0.005826400010846555 126
100 10 35 0.25 35 0.2343510999926366 138 0.006152499991003424 154
100 20 35 0.1 35 0.23646710001048632 312 8.460936299990863 398
100 20 35 0.1 35 0.510568500001682 269 9.53644379999605 324
100 20 35 0.1 35 3.8487104999949224 67 9.277949300012551 266
100 20 35 0.1 35 0.5407675000024028 176 8.522728800016921 360
100 15 35 0.1 35 0.2675652999896556 267 0.2187182999914512 336
100 15 35 0.1 35 0.24565920000895858 172 0.2238937999936752 183
100 15 35 0.1 35 0.23455459999968298 169 0.21836640001856722 224
100 16 35 0.1 35 0.3414346000063233 123 0.4563581000256818 323
100 17 35 0.1 35 0.25762220000615343 267 0.9463025000004563 359
100 18 35 0.1 35 0.2666906999947969 405 1.9645427000068594 418
100 16 35 0.1 35 0.22357709999778308 215 0.46902079999563284 276
100 15 35 0.1 35 0.22297010000329465 221 0.22173489999840967 221
100 15 35 0.1 35 0.2490393999905791 304 0.22502010001335293 318
100 16 35 0.1 35 0.2507418000022881 162 0.4623758999805432 241
1000 16 35 0.1 35 0.2724696999939624 3905 0.45667349998257123 4025
1000 16 10 0.1 10 0.009870799985947087 4282 0.46787039999617264 5416
1000 15 10 0.1 10 0.022690099984174594 1041 0.21901569998590276 2198
1000 14 10 0.1 10 0.025645799993071705 1270 0.11115690000588074 3280
1000 13 10 0.1 10 0.009240899991709739 2034 0.05084609999903478 3299
1000 11 10 0.1 10 0.009759699983987957 1753 0.012522899982286617 2329
1000 10 10 0.1 10 0.043778999999631196 875 0.0059840999892912805 2056
1000 11 10 0.1 10 0.02396039999439381 47 0.01217880001058802 1937
1000 13 10 0.1 10 0.008325500006321818 2525 0.05424619998666458 3036
1000 13 50 0.1 50 0.8438428999797907 4899 0.05407379998359829 4909
1000 15 50 0.1 50 0.7599544000113383 2616 0.23414250000496395 2914
1000 16 50 0.1 50 0.7313826000026893 2492 0.4831714000029024 2933
1000 18 50 0.1 50 0.6407802999892738 2303 1.9738894999900367 2729
1000 17 50 0.1 50 1.0164793999865651 378 1.0160315000102855 2226
100 10 10 0.1 10 0.027860900037921965 214 0.007437200052663684 237
100 10 10 0.1 10 0.017696599941700697 175 0.006925099994987249 270
100 10 10 0.1 10 0.011021899990737438 191 0.007133399951271713 191
100 10 10 0.1 10 0.010282700066454709 264 0.011019100085832179 289
100 10 10 0.1 10 0.01187499996740371 197 0.007296700030565262 261
100 10 10 0.1 10 0.009840999962761998 156 0.007088600075803697 248
100 10 10 0.1 10 0.011068299994803965 93 0.008331899996846914 145
100 10 10 0.1 10 0.012900699977762997 174 0.007540100021287799 238
100 10 10 0.1 10 0.010576500091701746 211 0.007296800031326711 245
100 10 10 0.1 10 0.01069590006954968 217 0.007769400021061301 217
100 10 10 0.1 10 0.009819100028835237 220 0.0075573999201878905 225
100 10 10 0.1 10 0.010670799994841218 137 0.009794599958695471 231
100 10 10 0.1 10 0.010685899993404746 177 0.008079000050202012 177
100 10 10 0.1 10 0.010183900012634695 101 0.00887350004632026 202
100 10 10 0.1 10 0.01040369994007051 167 0.00722269993275404 167
100 10 10 0.1 10 0.01060410006903112 154 0.007925099926069379 234
100 10 10 0.1 10 0.010786799946799874 175 0.007256300072185695 258
100 10 10 0.1 10 0.019704099977388978 98 0.007336900103837252 206
100 10 10 0.1 10 0.013152599916793406 16 0.007743599941022694 262
100 10 10 0.1 10 0.01326609996613115 206 0.006846199976280332 255
100 10 10 0.1 10 0.017266400041989982 155 0.007440300076268613 170
100 10 10 0.1 10 0.01126180007122457 312 0.007879799930378795 312
100 10 10 0.1 10 0.010788499959744513 95 0.00761850003618747 154
